0



128


128



4



160 (
([][]()
())([][
]()()


)
[][]
) 
2 
7


4 

27 (
([][]()()
)([]


[]()(
))(()
()[][])(
)) 



4 
5



8 


28 

([]([]([](


)[]())[]([]()[]()))[]([]([]()[][])[][])) -4 7



2 202 (


) 1 4



2 202 () 60 60
8 28 ([]([]([]()[]())[]([]()[]()))[]([]([]()[][])[][])) 49 49
4 27 (([][]()())([][]()())(()()[][])()) 50 50
4 160 (([][]()())([][]()())[][]) 55 55


2 202 () 10 60
8 28 ([]([]([]()[]())[]([]()[]()))[]([]([]()[][])[][])) 10 49
4 27 (([][]()())([][]()())(()()[][])()) 10 50
4 160 (([][]()())([][]()())[][]) 15 55

2 202 () 20 20
2 202 () 24 24
2 202 () 28 28
2 202 () 32 32
2 202 () 36 36
2 202 () 40 40
2 202 () 44 44

2 202 () 48 48