0 8 6

2 

    202 ([][][]()) 1 4
8 28 ([]([]([]()[]())[]([]()[]()))[]([]([]()[][])[][])) -4 7
4 27 (([][]()())([][]()())(()()[][])()) 4 5
4 160 (([][]()())([][]()())[][]) 2 7


2 81 (()()[][]) 0 3


1 255 () 0 1
1 255 () 0 0
1 255 () 1 0
1 255 () 2 0
1 255 () 4 0
1 255 () 5 0
1 255 () 6 0
1 255 () 7 0
1 255 () 7 2
1 255 () 7 1
1 255 () 1 1
1 255 () 2 1
1 255 () 4 1
1 255 () 5 1
1 255 () 6 1
1 255 () 2 2

1 255 () 4 2
1 255 () 5 2
1 255 () 6 2
1 255 () 0 3
1 255 () 1 3
1 255 () 2 3
1 255 () 0 4
1 255 () 1 4
1 255 () 0 5
1 255 () 1 5























































