0 8 6
2 202 () 1 4
8 28 ([]([]([]()[]())[]([]()[]()))[]([]([]()[][])[][])) -4 7
4 27 (([][]()())([][]()())(()()[][])()) 4 5
4 160 (([][]()())([][]()())[][]) 2 7

1 55 () 0 0
1 55 []
8 28 ([]([]([]()[]())[]([]()[]()))[]([]([]()[]())[][])) a 0 e 1

4294967293

4 255 ([]()()(()()()()))

4 255 (() (()[]()()) () ())
4 201 (() (()[]()[]) () (()[]()[]) )
1 155 ()


1 155 ())
1 55 [[]
1 155 () 0 0

1 155 () 2 0

1 10 () 3 0
1 70 () 4 0
1 80 () 5 0
1 201 () 6 0
1 155 () 7 0

4 255 (() (()[]()()) () ()) 4 0

4 201 (() (()[]()[]) () (()[]()[]) ) 0 0

8 15 (((()()[][]) (()()[][]) [] [])  ((()()[][]) (()()[]()) [] []) [] []) 0 0

8 28 ([]([]([]()[]())[]([]()[]()))[]([]([]()[][])[][])) -4 0

8 15 ((([][]()()) ([]()()()) [] [])  (([][]()()) ([][]()()) [] ([]()[][])) [] []) 0 0


8 15 ((([][]()()) ([]()()()) [] [])  (([][]()()) ([][]()()) [] ([]()[][])) (()()()[]) ([][][]())) 0 0



8 61 ((([][]()()) ([]()()()) [] [])  (([][]()()) ([][]()()) [] ([]()[][])) [] []) 0 0
8 81 ((([][]()()) ([]()()()) [] [])  (([][]()()) ([][]()()) [] ([]()[][])) [] []) 0 0

8 69 ( ([][][]([][][]())) ([][]([][]()[])[]) ([]([]()[]())[]([]()[]())) []) 0 0


8 69 ( ([][][]([]()[]())) ([][](()[][][])[]) ([]([]()[]())[]([]()[][])) []) 0 0


16 69 ( (((()[][][]) [] [] ([]()[]()))   ([][](()[][][])[]) ([]([]()[]())[]([]()[][]) ) []) [] [] []) 0 0


8 16 (([][](()[]()()) ([][]()())) [] ((()[][][])[][][]) []) 0 0


8 16 (() (() (()[]()())()()) () ()) 0 0


32 210 (  ((((()[][][] ) [][][]) [][][]) [][][])   [][][])


32 210 (((((()()[][]) (()()[][])[][]) ((()()[][]) (()()[][]) [][])  [][]) ((()()[][]) (()()[][])[][]) ((()()[][]) (()()[][])[][]) [] [] [])

32 210 ((((()()[][])(()()[][]) [][]) ((()()[][])(()()[][]) [][]) [][]) [][][])

32 210 (( ( ((()()[][])(()()[][])[][]) ((()()[][])(()()[][])[][]) [][]) (((()()[][])(()()[][])[][]) ((()()[][])(()()[][])[][]) [][]) [][]) [][][])

32 210 ([]([]([]([]([]()[][])[][])[][])[][])[][]) -28 0

